1
2
3
4
5
6
7
8
9
10
11
12
13
14
15
16
17
18
19
20
21
22
23
24
25
26
27
28
29
30
31
32
34
36
38
39
40
41
42
43
44
45
46
47
48
49
50
52
53
54
55
57
58
60
61
62
63
64
65
66
68
69
70
71
72
73
74
75
76
77
78
79
80
81
82
83
85
86
87
88
89
92
93
94
95
96
97
99
100
101
102
103
104
105
106
107
108
110
111
112
113
116
117
118
119
121
122
123
125
126
128
129
132
135
137
140
141
144
145
146
147
148
149
150
151
152
153
154
155
156
157
158
159
160
161
162
163
164
165
166
168
169
170
171
172
173
174
175
176
177
178
179
180
181
183
184
185
186
187
188
189
190
191
193
194
195
196
198
199
201
202
203
204
205
206
207
208
209
210
211
212
213
214
215
216
217
218
219
220
222
223
224
225
227
228
229
230
231
232
233
234
235
236
237
238
239
240
241
242
243
246
247
248
249
250
251
252
253
254
255
256
257
258
259
260
261
262
263
265
266
267
269
270
271
272
273
274
275
276
277
278
279
280
281
282
283
284
285
287
288
289
290
291
292
293
294
295
296
298
299
300
301
302
303
304
305
306
307
308
310
311
312
313
314
315
316
317
318
319
320
321
322
324
325
326
327
328
329
330
331
332
333
334
335
336
337
338
339
340
341
342
343
344
345
346
347
348
349
350
351
352
353
354
355
356
357
358
359
360
361
362
363
364
365
366
367
368
369
370
371
372
373
374
376
377
378
379
380
381
382
383
384
385
386
387
388
389
390
391
393
405
406
407
408
409
410
412
413
414
415
416
417
418
419
420
421
422
423
424
425
426
427
428
429
430
431
432
433
434
435
436
437
438
440
441
442
444
445
446
448
449
450
451
452
453
454
455
456
457
458
459
460
461
464
466
467
468
469
470
471
472
473
474
475
476
477
478
479
480
481
482
484
485
486
487
488
489
490
491
492
493
494
495
496
497
499
500
501
502
504
505
506
507
508
509
510
511
512
513
514
515
516
517
518
519
520
521
522
523
524
526
527
528
529
531
532
533
534
535
536
537
538
539
540
541
542
543
544
546
547
548
549
550
551
552
553
555
556
558
562
563
564
567
568
569
573
574
575
577
579
580
581
583
585
586
587
588
589
590
592
593
594
595
596
597
599
600
602
605
606
608
609
610
611
612
613
615
616
617
618
619
626
627
628
631
632
633
634
635
636
637
638
639
640
645
647
648
649
650
653
656
661
662
663
665
667
668
670
671
673
674
678
679
680
685
688
691
692
694
695
697
698
700
703
704
706
707
708
709
710
711
714
715
718
719
722
724
725
726
728
731
733
735
736
737
741
742
743
745
747
748
750
757
759
760
761
762
764
765
766
773
775
778
779
780
781
782
783
784
785
786
788
790
791
795
798
799
800
801
802
803
804
805
806
808
809
810
813
818
823
824
828
829
830
832
833
835
836
837
838
839
840
841
842
848
849
851
852
858
861
866
867
869
870
875
876
879
880
881
882
885
886
888
889
891
892
893
896
897
898
899
900
901
902
903
904
905
906
907
908
909
910
911
912
913
914
915
916
917
918
919
920
921
922
923
924
926
927
928
929
930
931
932
933
934
935
936
937
938
940
941
942
943
944
945
946
947
948
949
950
951
952
953
954
955
956
959
961
963
965
968
969
970
971
973
976
979
981
982
984
986
987
988
990
991
993
994
996
998
999
1003
1004
1005
1006
1007
1008
1009
1010
1011
1012
1013
1014
1015
1016
1017
1018
1019
1020
1021
1022
1023
1024
1025
1027
1028
1029
1030
1031
1032
1033
1034
1035
1036
1037
1040
1041
1042
1043
1046
1047
1049
1050
1051
1053
1054
1055
1056
1057
1059
1060
1061
1064
1066
1068
1073
1076
1077
1078
1079
1080
1081
1082
1083
1084
1085
1086
1088
1089
1090
1091
1092
1093
1094
1095
1096
1097
1099
1100
1101
1103
1104
1105
1107
1111
1112
1114
1116
1117
1119
1120
1121
1123
1124
1125
1126
1127
1128
1129
1130
1131
1132
1135
1136
1137
1140
1144
1147
1148
1150
1151
1156
1161
1162
1163
1167
1170
1171
1172
1173
1175
1176
1177
1178
1179
1180
1183
1184
1185
1186
1187
1188
1189
1190
1191
1192
1193
1194
1196
1197
1198
1199
1200
1201
1202
1203
1204
1206
1207
1208
1209
1210
1211
1212
1213
1214
1215
1216
1217
1218
1219
1220
1221
1222
1223
1224
1225
1226
1227
1228
1230
1231
1232
1233
1234
1235
1236
1237
1238
1240
1241
1242
1243
1244
1245
1246
1247
1248
1249
1250
1251
1252
1253
1254
1255
1256
1257
1258
1259
1260
1261
1262
1263
1264
1265
1266
1267
1268
1269
1270
1271
1272
1273
1274
1275
1276
1277
1278
1279
1280
1281
1282
1283
1284
1285
1286
1287
1288
1289
1290
1291
1292
1293
1295
1296
1297
1298
1299
1300
1301
1302
1303
1304
1305
1306
1307
1310
1312
1318
1320
1321
1322
1323
1324
1325
1326
1327
1328
1329
1330
1331
1332
1333
1334
1335
1336
1337
1339
1340
1341
1342
1343
1344
1345
1346
1347
1348
1349
1350
1351
1352
1353
1354
1355
1356
1357
1358
1359
1361
1363
1365
1366
1367
1370
1371
1372
1373
1374
1375
1376
1377
1378
1379
1380
1381
1382
1385
1387
1388
1389
1390
1391
1392
1393
1394
1395
1396
1397
1398
1399
1401
1405
1406
1407
1408
1409
1411
1412
1413
1414
1415
1416
1417
1419
1422
1425
1426
1427
1428
1429
1430
1431
1432
1437
1438
1439
1440
1441
1442
1445
1446
1447
1449
1453
1454
1456
1457
1458
1459
1460
1461
1464
1465
1466
1468
1473
1474
1475
1476
1477
1479
1480
1483
1484
1485
1487
1488
1489
1490
1493
1495
1496
1497
1498
1499
1500
1502
1503
1507
1513
1514
1515
1516
1517
1518
1519
1526
1527
1529
1533
1537
1541
1542
1544
1545
1546
1547
1549
1550
1551
1552
1554
1556
1562
1564
1565
1566
1569
1571
1572
1573
1574
1580
1581
1582
1583
1584
1585
1586
1587
1588
1589
1590
1591
1592
1593
1594
1596
1597
1598
1599
1600
1601
1602
1603
1604
1605
1606
1608
1609
1610
1611
1612
1613
1614
1615
1616
1617
1619
1620
1621
1623
1624
1625
1626
1627
1629
1631
1633
1635
1639
1641
1642
1643
1644
1645
1646
1647
1648
1649
1650
1652
1653
1654
1655
1656
1658
1659
1660
1661
1662
1663
1665
1667
1670
1671
1672
1673
1674
1675
1676
1677
1678
1679
1680
1681
1682
1683
1684
1685
1686
1687
1688
1689
1690
1693
1694
1695
1696
1699
1701
1702
1703
1704
1707
1711
1713
1717
1719
1721
1722
1726
1727
1729
1730
1731
1732
1733
1734
1735
1739
1746
1747
1748
1752
1753
1754
1755
1757
1759
1760
1762
1767
1769
1770
1771
1772
1777
1779
1783
1784
1785
1791
1792
1793
1794
1797
1798
1799
1801
1804
1805
1806
1807
1809
1810
1812
1816
1821
1824
1825
1826
1827
1829
1831
1833
1834
1835
1836
1837
1839
1840
1841
1844
1845
1848
1855
1856
1857
1858
1859
1860
1862
1863
1866
1867
1870
1873
1875
1876
1881
1882
1883
1884
1885
1887
1888
1889
1891
1892
1893
1894
1895
1897
1900
1902
1904
1906
1907
1909
1910
1911
1912
1913
1914
1916
1917
1918
1919
1920
1921
1922
1923
1924
1926
1927
1928
1929
1931
1932
1933
1934
1936
1937
1938
1939
1940
1941
1942
1944
1945
1946
1947
1948
1949
1950
1951
1952
1953
1954
1955
1956
1957
1958
1959
1960
1961
1962
1963
1964
1965
1966
1967
1968
1969
1970
1971
1972
1973
1974
1975
1976
1977
1978
1979
1980
1981
1982
1983
1984
1985
1986
1987
1990
1991
1992
1993
1994
1995
1996
1997
1998
1999
2000
2001
2002
2003
2004
2005
2006
2007
2008
2009
2010
2011
2012
2013
2014
2015
2016
2017
2018
2019
2020
2021
2022
2023
2024
2025
2026
2027
2028
2032
2033
2034
2035
2036
2037
2038
2040
2041
2042
2043
2044
2046
2048
2050
2051
2052
2053
2054
2055
2056
2057
2058
2059
2060
2064
2065
2066
2067
2068
2069
2070
2071
2072
2073
2074
2075
2076
2077
2078
2080
2081
2082
2083
2084
2085
2087
2088
2089
2090
2091
2092
2093
2094
2095
2096
2097
2098
2099
2100
2102
2103
2104
2105
2106
2107
2108
2109
2110
2111
2112
2114
2115
2116
2117
2118
2119
2120
2121
2122
2123
2124
2125
2126
2130
2131
2132
2133
2134
2135
2136
2137
2138
2139
2140
2141
2142
2143
2144
2145
2146
2147
2148
2149
2150
2151
2152
2153
2154
2155
2156
2159
2160
2161
2162
2163
2164
2165
2166
2167
2169
2170
2171
2172
2174
2175
2176
2177
2178
2179
2180
2181
2182
2183
2184
2185
2186
2187
2188
2190
2193
2194
2195
2196
2201
2202
2203
2204
2205
2206
2207
2208
2210
2211
2212
2226
2227
2231
2232
2236
2239
2240
2241
2243
2244
2245
2247
2248
2249
2252
2253
2255
2256
2257
2259
2260
2261
2262
2263
2264
2265
2266
2267
2268
2269
2271
2272
2273
2275
2278
2279
2280
2281
2282
2283
2286
2287
2288
2289
2290
2291
2292
2294
2295
2296
2297
2298
2300
2301
2302
2303
2304
2306
2307
2310
2311
2312
2313
2314
2315
2316
2318
2320
2321
2322
2323
2324
2325
2327
2328
2329
2330
2331
2332
2333
2334
2335
2336
2337
2338
2339
2340
2342
2344
2346
2347
2348
2349
2350
2351
2352
2353
2354
2355
2356
2357
2358
2359
2360
2361
2362
2363
2364
2365
2366
2367
2368
2369
2370
2371
2372
2373
2374
2375
2376
2377
2378
2379
2380
2381
2382
2383
2384
2385
2387
2388
2389
2390
2391
2392
2393
2394
2395
2396
2398
2399
2400
2401
2402
2403
2404
2405
2406
2407
2408
2409
2410
2411
2412
2413
2414
2415
2416
2417
2418
2419
2420
2421
2422
2423
2424
2425
2427
2428
2429
2430
2431
2432
2433
2435
2436
2439
2442
2443
2445
2446
2447
2448
2450
2451
2453
2454
2455
2456
2457
2458
2459
2460
2462
2463
2465
2467
2468
2469
2470
2471
2472
2473
2474
2475
2476
2477
2478
2481
2482
2483
2485
2488
2490
2491
2492
2493
2494
2495
2496
2497
2498
2500
2501
2502
2503
2504
2505
2506
2511
2512
2513
2514
2515
2516
2517
2518
2520
2521
2522
2523
2524
2525
2526
2527
2528
2529
2530
2531
2532
2533
2534
2535
2537
2538
2539
2540
2541
2542
2544
2546
2548
2549
2550
2551
2552
2553
2554
2555
2557
2558
2559
2560
2561
2563
2565
2566
2567
2568
2570
2571
2572
2573
2574
2575
2577
2579
2580
2581
2582
2583
2585
2586
2587
2589
2590
2593
2594
2596
2597
2598
2599
2600
2605
2606
2607
2609
2611
2612
2613
2614
2615
2616
2617
2618
2620
2622
2623
2624
2625
2628
2629
2630
2632
2633
2634
2639
2640
2641
2642
2643
2644
2648
2651
2652
2654
2655
2656
2657
2659
2660
2661
2662
2664
2665
2668
2669
2670
2671
2672
2674
2676
2677
2681
2682
2683
2686
2687
2688
2690
2691
2692
2693
2694
2695
2696
2697
2698
2699
2700
2701
2702
2706
2707
2708
2709
2710
2712
2713
2716
2717
2718
2719
2720
2722
2723
2724
2725
2726
2727
2728
2729
2730
2731
2732
2733
2734
2735
2736
2737
2738
2739
2740
2741
2742
2743
2744
2745
2746
2747
2748
2749
2750
2751
2752
2754
2757
2759
2761
2762
2763
2764
2765
2766
2769
2770
2771
2772
2774
2775
2779
2782
2784
2786
2787
2788
2789
2790
2791
2792
2793
2794
2795
2796
2797
2798
2799
2800
2801
2802
2803
2804
2805
2806
2807
2808
2810
2812
2813
2815
2816
2817
2818
2819
2820
2822
2824
2826
2827
2828
2829
2835
2836
2837
2839
2840
2841
2843
2844
2846
2847
2848
2851
2852
2856
2857
2858
2859
2860
2861
2862
2863
2865
2866
2867
2868
2870
2871
2872
2874
2875
2876
2877
2878
2879
2880
2881
2882
2883
2884
2885
2886
2887
2888
2889
2890
2891
2892
2893
2894
2896
2897
2898
2899
2900
2901
2902
2903
2905
2906
2907
2908
2912
2915
2916
2917
2918
2919
2921
2922
2924
2925
2926
2927
2928
2929
2930
2931
2932
2935
2936
2937
2939
2940
2941
2942
2943
2944
2946
2947
2948
2949
2950
2951
2952
2953
2956
2959
2961
2962
2964
2965
2966
2967
2968
2969
2970
2971
2972
2973
2974
2975
2976
2977
2978
2979
2982
2983
2984
2985
2986
2987
2988
2989
2990
2991
2992
2993
2995
2996
2997
3000
3002
3003
3004
3005
3006
3007
3008
3010
3011
3013
3014
3015
3016
3017
3018
3019
3020
3021
3022
3024
3028
3029
3030
3031
3032
3033
3034
3035
3036
3037
3038
3039
3040
3041
3042
3043
3044
3045
3046
3048
3051
3052
3053
3054
3055
3056
3057
3060
3061
3062
3063
3064
3066
3067
3068
3070
3071
3072
3073
3074
3075
3076
3077
3078
3079
3081
3082
3083
3086
3087
3088
3089
3090
3091
3093
3094
3095
3096
3097
3098
3099
3100
3101
3102
3103
3104
3105
3106
3107
3108
3109
3111
3112
3113
3114
3115
3117
3120
3125
3127
3129
3130
3132
3134
3135
3138
3141
3142
3143
3145
3146
3147
3148
3150
3152
3153
3155
3156
3157
3158
3159
3160
3161
3162
3163
3165
3167
3168
3169
3171
3173
3174
3175
3176
3177
3178
3179
3181
3182
3183
3185
3186
3189
3190
3192
3194
3196
3197
3198
3200
3201
3203
3204
3206
3208
3210
3211
3213
3214
3217
3219
3221
3223
3224
3225
3230
3235
3238
3240
3241
3243
3244
3246
3247
3248
3249
3250
3251
3252
3253
3254
3255
3256
3257
3258
3259
3260
3261
3262
3263
3264
3265
3266
3267
3268
3269
3270
3271
3272
3273
3274
3275
3276
3280
3281
3283
3284
3285
3286
3287
3289
3294
3295
3296
3298
3299
3300
3301
3302
3303
3306
3307
3308
3310
3313
3315
3316
3317
3323
3324
3325
3326
3327
3328
3329
3330
3331
3334
3338
3341
3342
3344
3345
3347
3350
3353
3354
3355
3357
3358
3359
3360
3361
3362
3363
3364
3365
3368
3370
3372
3374
3378
3379
3384
3385
3386
3387
3388
3389
3390
3391
3392
3393
3394
3395
3396
3397
3398
3400
3401
3402
3403
3404
3405
3406
3408
3409
3410
3412
3414
3415
3417
3418
3420
3421
3422
3423
3424
3425
3426
3428
3429
3430
3431
3432
3433
3434
3435
3436
3438
3439
3440
3441
3442
3444
3445
3446
3447
3448
3449
3450
3451
3452
3453
3454
3455
3456
3459
3461
3462
3466
3467
3468
3469
3470
3471
3473
3474
3475
3476
3477
3478
3479
3480
3481
3483
3484
3489
3492
3494
3496
3497
3498
3499
3500
3501
3502
3503
3504
3505
3506
3507
3508
3510
3511
3512
3513
3514
3515
3516
3519
3521
3524
3525
3526
3527
3528
3529
3531
3534
3535
3536
3537
3538
3539
3543
3544
3545
3546
3548
3549
3550
3551
3552
3553
3554
3555
3556
3557
3559
3563
3564
3565
3566
3567
3568
3569
3571
3572
3573
3574
3576
3577
3578
3580
3581
3584
3586
3587
3590
3591
3592
3593
3594
3596
3597
3598
3599
3604
3606
3608
3609
3614
3615
3616
3617
3618
3619
3622
3623
3624
3625
3626
3627
3628
3629
3632
3633
3634
3635
3637
3638
3639
3640
3641
3643
3646
3648
3649
3652
3653
3654
3655
3658
3660
3661
3662
3663
3664
3667
3668
3669
3671
3672
3673
3674
3675
3676
3677
3678
3679
3680
3681
3682
3683
3684
3685
3686
3687
3688
3689
3690
3691
3692
3693
3694
3695
3696
3697
3698
3699
3700
3701
3702
3703
3704
3705
3706
3707
3708
3709
3710
3711
3712
3713
3714
3715
3716
3717
3719
3720
3723
3724
3725
3726
3727
3728
3729
3730
3731
3732
3733
3735
3736
3737
3738
3739
3740
3741
3742
3743
3744
3745
3746
3747
3751
3752
3753
3754
3755
3756
3758
3760
3761
3763
3764
3765
3766
3767
3768
3769
3770
3771
3773
3774
3783
3784
3785
3786
3787
3788
3789
3790
3791
3792
3793
3794
3795
3797
3798
3799
3801
3802
3806
3807
3808
3809
3810
3811
3812
3813
3814
3816
3819
3821
3822
3823
3824
3825
3826
3827
3830
3831
3832
3833
3834
3835
3836
3837
3838
3839
3840
3841
3843
3844
3845
3846
3847
3849
3851
3852
3855
3857
3858
3859
3861
3862
3863
3864
3865
3868
3869
3870
3871
3872
3873
3877
3879
3882
3884
3888
3889
3893
3894
3895
3896
3897
3898
3899
3900
3901
3906
3908
3909
3910
3911
3912
3914
3915
3916
3917
3918
3919
3920
3922
3925
3926
3927
3928
3929
3930
3932
3933
3937
3938
3939
3940
3941
3942
3943
3945
3946
3947
3948
3949
3950
3951
3952
3953
3955
3957
3958
3959
3962
3963
3964
3965
3966
3967
3968
3969
3971
3972
3973
3974
3977
3978
3979
3980
3981
3983
3984
3985
3986
3987
3988
3989
3990
3991
3992
3993
3994
3996
3997
3998
3999
4000
4002
4003
4005
4006
4007
4008
4009
4010
4011
4012
4014
4015
4016
4017
4018
4019
4020
4021
4022
4023
4024
4025
4027
4029
4030
4031
4032
4033
4034
4035
4036
4037
4039
4040
4041
4042
4043
4046
4047
4051
4052
4053
4054
4055
4056
4061
4062
4063
4064
4065
4066
4067
4068
4069
4074
4077
4078
4079
4080
4081
4082
4083
4084
4085
4086
4089
4090
4091
4092
4093
4102
4103
4104
4105
4109
4110
4111
4113
4115
4116
4117
4121
4123
4124
4125
4126
4127
4128
4129
4130
4131
4132
4133
4135
4138
4139
4141
4142
4143
4144
4146
4147
4148
4149
4152
4153
4154
4155
4156
4157
4158
4159
4160
4161
4164
4166
4167
4168
4171
4174
4175
4178
4180
4181
4184
4187
4189
4190
4191
4193
4194
4195
4197
4198
4200
4202
4203
4204
4205
4207
4210
4211
4212
4214
4215
4217
4218
4219
4220
4221
4223
4224
4225
4226
4228
4229
4231
4232
4233
4234
4235
4236
4237
4238
4239
4240
4241
4242
4243
4246
4247
4248
4251
4252
4254
4255
4256
4259
4260
4262
4263
4265
4267
4268
4270
4273
4275
4276
4278
4280
4282
4284
4285
4289
4290
4291
4292
4293
4294
4296
4297
4298
4299
4300
4304
4305
4306
4307
4308
4310
4312
4313
4316
4317
4321
4322
4323
4325
4326
4327
4329
4333
4334
4337
4338
4339
4340
4342
4343
4344
4345
4347
4349
4350
4351
4353
4354
4355
4356
4357
4359
4361
4366
4367
4368
4369
4370
4371
4372
4373
4374
4378
4380
4381
4383
4384
4386
4387
4388
4389
4390
4392
4393
4394
4395
4396
4397
4399
4402
4403
4404
4406
4407
4408
4409
4410
4412
4419
4420
4422
4424
4426
4427
4428
4429
4432
4433
4434
4436
4437
4438
4439
4440
4441
4442
4443
4444
4445
4446
4447
4448
4449
4450
4451
4452
4453
4454
4458
4459
4462
4463
4464
4465
4466
4467
4470
4471
4473
4474
4475
4476
4477
4478
4480
4482
4483
4484
4487
4488
4489
4490
4492
4495
4496
4497
4498
4499
4500
4502
4504
4505
4506
4508
4509
4511
4516
4517
4518
4519
4520
4521
4522
4523
4524
4526
4527
4529
4531
4533
4534
4535
4537
4541
4544
4545
4546
4552
4553
4557
4558
4562
4563
4564
4565
4568
4571
4572
4573
4574
4577
4578
4580
4581
4583
4584
4585
4587
4589
4591
4593
4594
4595
4597
4599
4600
4602
4603
4605
4608
4610
4611
4612
4613
4614
4615
4616
4617
4619
4621
4622
4623
4624
4625
4626
4628
4629
4630
4632
4634
4635
4636
4638
4639
4640
4641
4642
4643
4644
4645
4646
4649
4653
4654
4658
4660
4661
4662
4663
4666
4670
4671
4672
4673
4675
4676
4677
4678
4679
4681
4683
4686
4687
4688
4689
4690
4695
4697
4699
4700
4701
4703
4704
4705
4708
4709
4710
4711
4713
4714
4715
4717
4718
4719
4720
4721
4722
4723
4725
4727
4728
4732
4733
4734
4735
4736
4738
4740
4741
4743
4744
4745
4748
4749
4750
4754
4756
4757
4759
4765
4766
4769
4770
4771
4772
4773
4774
4775
4776
4777
4780
4782
4783
4784
4785
4786
4787
4788
4789
4792
4794
4795
4796
4798
4799
4800
4801
4802
4803
4804
4808
4809
4810
4811
4812
4813
4814
4815
4816
4818
4821
4822
4823
4825
4826
4827
4828
4830
4831
4833
4835
4836
4840
4844
4845
4846
4847
4848
4849
4850
4852
4855
4857
4860
4862
4863
4864
4865
4866
4867
4871
4873
4874
4876
4877
4878
4879
4880
4881
4883
4885
4886
4887
4888
4889
4890
4893
4896
4898
4899
4900
4901
4902
4903
4909
4911
4912
4914
4915
4916
4917
4919
4920
4921
4925
4926
4927
4928
4929
4932
4936
4939
4941
4942
4945
4946
4947
4951
4952
4953
4954
4956
4957
4958
4959
4961
4962
4963
4964
4965
4966
4967
4969
4970
4971
4973
4974
4975
4976
4977
4978
4979
4980
4981
4985
4987
4988
4989
4990
4991
4992
4993
4994
4995
4998
5004
5007
5008
5009
5010
5011
5012
5013
5014
5015
5016
5021
5023
5025
5026
5027
5028
5033
5034
5039
5040
5041
5046
5047
5048
5049
5051
5053
5054
5055
5059
5060
5062
5063
5064
5065
5066
5068
5069
5071
5072
5073
5074
5075
5076
5077
5080
5081
5083
5088
5092
5093
5094
5095
5096
5099
5102
5103
5105
5106
5107
5108
5109
5110
5111
5112
5113
5114
5116
5120
5121
5127
5128
5131
5134
5135
5136
5137
5139
5146
5147
5151
5152
5155
5156
5159
5165
5168
5170
5171
5177
5178
5181
5187
5189
5197
5198
5202
5205
5209
5212
5213
5214
5218
5219
5220
5221
5222
5224
5225
5226
5231
5237
5238
5239
5240
5241
5244
5246
5247
5248
5250
5254
5255
5256
5258
5264
5265
5266
5267
5268
5269
5272
5275
5278
5279
5282
5283
5284
5285
5288
5291
5292
5293
5294
5297
5298
5299
5300
5303
5304
5307
5308
5309
5311
5312
5313
5316
5319
5321
5322
5323
5324
5325
5328
5329
5337
5338
5334
5345
5346
5347
5341
5333
5339
5348
5353
5356
5364
5358
5361
5357
5349
5363
5365
5375
5373
5379
5372
5377
5382
5380
5378
5384
5387
5385
5388
5389
5400
5391
5390
5397
5401
5398
5404
5409
5414
5410
5415
5417
5416
5418
5419
5421
5422
5420
5423
5424
5427
5425
5428
5433
5434
5437
5435
5442
5438
5440
5447
5444
5443
5451
5452
5445
5446
5448
5450
5449
5456
5455
5462
5458
5454
5463
5461
5459
5460
5464
5465
5468
5466
5471
5472
5470
5478
5477
5475
5476
5479
5480
5481
5485
5490
5486
5483
5493
5497
5489
5498
5499
5501
5500
5505
5502
5504
5506
5503
5508
5507
5512
5513
5515
5521
5523
5527
5522
5525
5524
5528
5532
5537
5531
5529
5541
5539
5540
5538
5530
5543
5550
5544
5548
5553
5560
5556
5563
5562
5564
5568
5570
5574
5569
5575
5572
5577
5573
5580
5581
5582
5584
5585
5588
5590
5589
5596
5591
5597
5601
5602
5604
5608
5603
5610
5609
5607
5613
5612
5611
5615
5614
5617
5620
5621
5619
5625
5628
5618
5629
5632
5630
5633
5635
5636
5637
5643
5638
5640
5644
5646
5651
5657
5663
5650
5649
5665
5667
5666
5664
5670
5669
5668
5672
5675
5673
5679
5682
5678
5680
5684
5688
5685
5689
5690
5693
5694
5696
5700
5699
5704
5712
5706
5710
5720
5721
5723
5736
5735
5733
5742
5745
5741
5746
5707
5749
5747
5755
5752
5764
5767
5768
5772
5771
5773
5780
5779
5784
5782
5786
5787
5788
5785
5792
5791
5796
5797
5801
5799
5802
5809
5810
5803
5812
5816
5804
5818
5817
5826
5820
5829
5836
5833
5838
5839
5840
5841
5847
5843
5853
5856
5863
5872
5873
5867
5874
5876
5875
5878
5879
5880
5882
5884
5883
5881
5889
5890
5888
5891
5893
5899
5896
5901
5903
5909
5912
5902
5900
5915
5919
5922
5941
5927
5929
5938
5925
5932
5942
5943
5944
5947
5945
5951
5949
5953
5952
5956
5955
5954
5957
5961
5962
5963
5968
5969
5965
5959
5970
5971
5975
5974
5979
5984
5986
5980
5988
5989
5990
5992
5991
5993
5995
5994
5999
6001
6002
6005
6009
6003
6006
6012
6013
6014
6020
6016
6021
6022
6027
6030
6025
6023
6031
6033
6035
6040
6036
6039
6041
6049
6042
6055
6051
6057
6059
6060
6058
6062
6064
6067
6044
6070
6078
6086
6090
6063
6093
6104
6116
6122
6095
6119
6124
6107
6111
6100
6123
6125
6153
6145
6140
6155
6148
6143
6156
6157
6141
6158
6159
6178
6162
6181
6163
6169
6166
6182
6170
6183
6185
6186
6187
6192
6193
6184
6196
6188
6202
6201
6197
6210
6203
6204
6213
6195
6214
6212
6215
6216
6217
6218
6219
6228
6220
6225
6222
6223
6234
6232
6238
6237
6239
6241
6235
6242
6244
6245
6246
6249
6250
6263
6251
6254
6252
6266
6264
6265
6267
6271
6268
6279
6273
6269
6270
6280
6281
6283
6285
6286
6289
6287
6288
6294
6291
6290
6295
6296
6297
6298
6299
6300
6301
6302
6305
6306
6303
6313
6319
6310
6315
6316
6308
6314
6320
6322
6323
6330
6332
6329
6331
6327
6324
6334
6335
6333
6336
6337
6342
6338
6341
6339
6345
6348
6344
6347
6349
6350
6357
6358
6368
6365
6367
6371
6373
6370
6374
6375
6376
6378
6379
6377
6380
6385
6382
6383
6386
6387
6390
6400
6402
6407
6395
6408
6405
6410
6417
6412
6415
6427
6425
6422
6428
6429
6424
6436
6433
6434
6440
6449
6448
6442
6454
6453
6452
6461
6460
6464
6465
6476
6466
6477
6480
6484
6483
6482
6506
6493
6503
6510
6509
6502
6514
6515
6516
6527
6523
6528
6530
6533
6534
6535
6536
6537
6517
6538
6539
6541
6542
6545
6549
6551
6547
6548
6550
6552
6554
6553
6557
6560
6559
6558
6561
6563
6564
6565
6566
6568
6572
6567
6573
6571
6574
6579
6578
6581
6577
6583
6584
6582
6588
6586
6591
6587
6592
6593
6595
6598
6597
6596
6603
6609
6614
6611
6612
6604
6615
6616
6618
6617
6619
6620
6624
6636
6625
6631
6629
6628
6639
6638
6643
6644
6654
6658
6650
6656
6645
6659
6662
6663
6660
6665
6664
6669
6670
6666
6667
6668
6671
6679
6678
6684
6686
6688
6692
6689
6691
6687
6695
6696
6699
6705
6708
6702
6706
6709
6707
6713
6710
6711
6715
6721
6718
6722
6723
6724
6731
6720
6732
6744
6746
6748
6750
6753
6734
6751
6752
6754
6755
6765
6760
6769
6764
6763
6772
6768
6773
6770
6774
6775
6777
6780
6776
6782
6786
6783
6785
6787
6789
6788
6791
6790
6793
6794
6803
6798
6796
6800
6797
6804
6807
6809
6808
6812
6817
6810
6811
6814
6816
6820
6821
6818
6827
6832
6835
6836
6837
6849
6850
6853
6851
6856
6858
6852
6857
6860
6862
6863
6867
6868
6870
6869
6873
6872
6874
6880
6879
6882
6881
6883
6884
6885
6888
6887
6886
6890
6889
6893
6899
6898
6902
6909
6911
6927
6912
6920
6932
6918
6935
6934
6938
6936
6939
6944
6947
6942
6945
6948
6949
6946
6951
6950
6952
6953
6954
6962
6957
6961
6959
6958
6963
6966
6965
6967
6973
6970
6969
6971
6975
6974
6978
6979
6981
6982
6984
6985
6989
6986
6983
6990
6993
6992
6994
6997
6996
6998
7004
7000
7001
7005
6987
6999
7008
7007
7009
7010
7012
7018
7015
7013
7016
7017
7019
7024
7023
7020
7022
7025
7026
7028
7027
7030
7031
7032
7034
7033
7037
7040
7038
7041
7045
7036
7044
7046
7047
7048
7050
7049
7053
7055
7052
7051
7054
7058
7057
7056
7059
7060
7061
7062
7065
7064
7069
7067
7070
7063
7072
7071
7073
7074
7075
7078
7076
7079
7082
7085
7080
7086
7084
7083
7087
7089
7090
7092
7091
7088
7093
7096
7099
7102
7103
7114
7104
7108
7109
7115
7117
7116
7107
7101
7121
7118
7122
7125
7123
7124
7132
7127
7134
7137
7131
7139
7142
7141
7149
7143
7147
7150
7153
7151
7154
7155
7156
7158
7161
7160
7163
7164
7162
7167
7165
7171
7173
7169
7175
7176
7181
7177
7179
7178
7190
7184
7192
7193
7202
7205
7191
7208
7212
7209
7206
7215
7211
7216
7217
7219
7222
7218
7223
7225
7234
7228
7235
7238
7236
7243
7245
7251
7248
7247
7254
7256
7255
7257
7258
7261
7259
7262
7265
7260
7264
7266
7263
7282
7285
7293
7294
7292
7297
7299
7301
7302
7303
7304
7306
7305
7310
7307
7308
7312
7311
7315
7316
7317
7321
7318
7323
7325
7319
7320
7326
7324
7327
7328
7333
7336
7335
7345
7340
7349
7344
7346
7347
7357
7348
7352
7362
7354
7360
7361
7364
7372
7371
7375
7367
7368
7369
7366
7376
7377
7373
7379
7380
7381
7386
7382
7390
7387
7395
7414
7396
7394
7411
7419
7438
7440
7445
7439
7443
7444
7448
7450
7451
7449
7455
7454
7457
7459
7458
7477
7460
7481
7482
7487
7479
7486
7492
7541
7493
7560
7561
7566
7562
7572
7564
7570
7569
7573
7581
7579
7587
7620
7614
7618
7615
7584
7624
7619
7616
7636
7647
7646
7650
7657
7649
7700
7669
7702
7704
7698
7701
7705
7708
7706
7716
7707
7714
7713
7720
7727
7742
7730
7728
7743
7745
7753
7766
7748
7749
7756
7773
7767
7757
7772
7781
7789
7810
7782
7792
7786
7812
7811
7802
7822
7820
7815
7762
7826
7831
7834
7833
7832
7839
7840
7835
7842
7841
7843
7844
7845
7883
7846
7879
7882
7884
7888
7889
7895
7894
7891
7896
7900
7916
7925
7924
7920
7926
7932
7899
7934
7930
7936
7937
7938
7939
7940
7951
7976
7944
7980
7943
7979
7981
7982
7983
7984
7986
7987
7988
8008
7991
8010
8011
7993
8014
8016
8019
8012
8024
8015
8025
8033
8042
8045
8044
8043
8057
8035
8092
8094
8117
8093
8119
8126
8128
8125
8121
8118
8136
8132
8131
8137
8142
8138
8143
8147
8153
8154
8167
8158
8157
8169
8183
8188
8189
8190
8191
8196
8199
8195
8207
8197
8232
8236
8228
8225
8235
8238
8239
8253
8261
8241
8264
8266
8254
8268
8270
8290
8275
8327
8335
8302
8336
8293
8338
8340
8337
8331
8341
8360
8361
8363
8362
8370
8369
8364
8372
8366
8368
8373
8371
8375
8378
8379
8383
8376
8385
8380
8387
8391
8405
8382
8410
8424
8425
8426
8427
8446
8451
8447
8450
8456
8454
8458
8459
8461
8477
8463
8465
8462
8481
8484
8482
8487
8491
8464
8493
8492
8494
8502
8500
8506
8501
8495
8518
8507
8512
8511
8521
8528
8526
8529
8530
8532
8534
8542
8531
8535
8571
8533
8574
8575
8577
8578
8581
8580
8582
8588
8587
8593
8596
8600
8591
8607
8601
8605
8610
8609
8611
8620
8614
8617
8623
8622
8633
8638
8636
8626
8644
8643
8650
8645
8641
8604
8667
8656
8632
8670
8666
8684
8665
8677
8690
8685
8695
8711
8713
8714
8720
8718
8724
8712
8738
8730
8727
8748
8743
8753
8754
8755
8772
8771
8773
8774
8778
8765
8781
8782
8783
8795
8784
8796
8798
8808
8799
8804
8807
8800
8809
8810
8830
8814
8815
8827
8831
8833
8813
8832
8835
8836
8838
8840
8844
8848
8860
8866
8864
8865
8861
8870
8869
8873
8879
8880
8875
8894
8906
8907
8908
8905
8912
8911
8910
8914
8874
8916
8915
8921
8917
8918
8919
8928
8933
8934
8937
8920
8938
8939
8943
8948
8946
8947
8950
8949
8951
8952
8954
8955
8957
8959
8958
8964
8966
8968
8961
8969
8967
8970
8965
8972
8973
8974
8977
8979
8978
8983
8987
8982
8984
8985
8989
9004
8998
9005
9008
9010
25752
25746
25750
8981
25757
25771
9018
25753
25769
25773
25782
25788
25795
25805
25797
25825
25826
25833
25834
25827
25850
25841
25855
25856
25865
25886
25870
25887
25898
25905
25937
25923
25906
25927
25947
25952
25940
25946
25959
25962
25996
26038
25963
26002
25999
26003
26048
26052
26073
26059
26078
26082
26095
26085
26084
26124
26116
26122
26131
26142
26147
26133
26151
26150
26152
26169
26171
26159
26158
26172
26176
26183
26195
26198
26184
26225
26236
26237
26231
26242
26283
26249
26258
26265
26285
26303
26313
26308
26326
26322
26344
26317
26340
26350
26347
26359
26357
26375
26365
26366
26391
26394
26386
26401
26399
26413
26409
26422
26429
26444
26453
26464
26467
26492
26471
26472
26498
26504
26510
26524
26527
26539
26528
26542
26554
26562
26555
26547
26578
26564
26585
26567
26587
26523
26590
26599
26593
26603
26612
26622
26606
26614
26630
26629
26631
26649
26662
26645
26676
26680
26686
26694
26693
26701
26696
26704
26712
26695
26717
26713
26700
26726
26741
26732
26736
26750
26745
26764
26743
26729
26776
26761
26765
26777
26792
26782
26797
26778
26791
26819
26796
26812
26838
26828
26810
26840
26870
26865
26849
26861
26871
26854
26901
26875
26903
26887
26913
26928
26947
26965
26958
26940
26974
26985
26999
27006
27003
27002
27008
27022
27020
27032
27036
27134
27105
27074
27075
27124
27155
27140
27176
27156
27193
27178
27186
27266
27251
27306
27246
27311
27317
27255
27320
27329
27328
27368
27370
27416
27397
27426
27420
27408
27373
27434
27450
27480
27473
27441
27478
27539
27549
27523
27491
27513
27537
27555
27563
27595
27584
27592
27619
27604
27611
27644
27618
27660
27664
27667
27683
27674
27685
27695
27704
27692
27706
27705
27689
27716
27627
27708
27722
27721
27728
27731
27741
27768
27746
27769
27772
27762
27751
27773
27776
27744
27784
27778
27790
27788
27793
27802
27801
27803
27815
27820
27821
27822
27816
27808
27830
27826
27829
27834
27838
27831
27839
27846
27837
27865
27866
27850
27869
27878
27873
27879
27899
27904
27905
27882
30745
30803
30707
30749
27912
30793
30820
30810
30812
30894
30890
30892
30825
30816
30848
30846
30850
30818
30883
30822
30994
30898
31038
31083
31150
31116
31030
31000
31086
31162
31193
31114
31123
31101
31049
31184
31260
31225
31309
31422
31297
31424
31367
31420
31433
31364
31410
31427
31437
31435
31431
31445
31522
31545
31553
31223
31610
31221
31590
31617
31658
31694
31685
31692
31664
31702
31700
31737
31698
31696
31851
31878
31660
31923
31867
31804
31925
31921
31909
31903
32017
31952
31973
32009
32019
32011
32022
32058
32029
32060
32116
32160
32031
32234
32139
32179
32243
32289
32291
32213
32298
32294
32296
32371
32300
32302
32392
32442
32314
32469
32456
32387
32440
32460
32511
32515
32587
32554
32582
32589
32598
32632
32620
32659
32666
32770
32600
32649
32657
32596
32743
32799
32728
32875
32917
32906
32898
32914
32862
33004
33090
33124
33085
33126
33145
33148
33164
33162
33138
33132
33158
33154
33237
33171
33166
33188
32892
33201
33294
33310
33435
33493
33312
33499
33437
33495
33629
33564
33421
33649
33615
33558
33646
33639
33660
33669
33672
33644
33677
33683
33725
33781
33679
33801
33815
33794
33830
33779
33826
33681
33893
33838
33834
33966
33903
33880
33896
34018
33836
34143
34072
34150
34048
34129
34148
34162
34153
34319
34312
34271
34164
34321
34326
34323
34332
34330
34292
34334
34397
34482
34336
34520
34359
34437
34338
34450
34528
34530
34523
34405
34532
34534
34536
34542
34540
35015
34800
35807
36276
35347
34811
36397
36525
35957
36363
35836
36509
36401
36289
36477
36517
36519
36529
36533
36850
36535
36708
37211
36527
37240
36537
37382
37380
36931
37444
37475
37495
37384
37386
37477
37545
37736
37720
37727
37733
37731
37741
37830
38095
37853
38159
37844
37739
38038
38164
38304
38061
38198
38294
37729
38388
38583
38798
39183
38992
39234
38886
39231
39381
39400
39307
39414
39292
39427
39435
39444
37857
39516
39446
39449
39801
39715
40412
39869
40339
40414
40148
40278
40578
40478
40491
40583
40581
40617
40629
40815
40614
40819
40732
40851
40723
40697
40826
40946
40955
40870
40962
40959
41285
40966
41014
41527
41617
41627
41712
41573
41566
41724
41571
41569
41769
41716
42007
41863
41828
42002
42004
42009
41997
42011
42013
42015
42018
42285
42176
42559
42632
42418
42422
42602
42191
42556
42638
42732
42730
42728
42725
42723
42761
42734
42718
42738
42740
43289
42946
42943
43333
43419
43460
43396
43376
43549
43558
43556
43560
43677
43684
43679
43708
43912
43744
43908
43869
43921
43871
43930
43904
43836
43936
43914
43917
43932
43928
43919
44020
44022
44189
44191
44197
44004
44193
44225
44204
44195
44301
44397
44243
44597
44238
44199
44511
44241
44555
44399
44613
44657
44633
44694
44665
44709
44719
44731
44773
44889
44849
44788
44864
44851
44929
44828
44840
44777
44759
44931
44972
44937
44943
44761
44974
45062
45028
45081
45074
45175
45183
45210
45440
45221
45208
45382
45431
45106
45186
45447
45442
45501
45499
45503
45361
45517
45635
45648
45662
45666
45672
45722
45658
45668
45720
45730
45728
45880
45726
45732
45950
46105
45969
45928
46062
46322
46335
46231
46337
46367
46574
46559
46664
46530
46572
46347
46578
46723
46862
46855
46850
46865
46948
46772
46965
46974
46972
46970
47099
46976
47122
46967
47044
47200
47384
47202
47124
47382
47404
47254
47446
47423
47516
47465
47566
47491
47538
47518
47640
47610
47629
47644
47646
47725
47261
47721
47774
47736
47894
47810
47937
47793
47952
47950
47999
47978
48032
47970
48001
48082
48043
48045
48161
47997
48142
48304
48150
48262
48214
48319
48342
48322
48385
48412
48326
48414
48416
48518
48516
48520
48638
48593
48649
48394
48560
48596
48598
48678
48738
48698
48696
48774
48741
48744
48783
48872
48877
48982
48883
48879
49013
49130
49263
49272
48780
48997
49132
49265
49220
49110
49274
49278
49286
49280
49347
49284
49276
49530
49389
49524
49396
49314
49735
49647
49688
49666
49772
49793
49824
49649
49651
49822
49961
50003
49910
49932
50064
50005
49957
50068
50354
50160
50189
50158
50356
50274
50147
50442
50440
50445
50658
50514
50740
50613
50685
50802
50842
50610
50804
50806
50796
50792
50601
50794
50800
50872
50851
50923
50798
50954
50912
50942
50999
51024
51037
51080
51077
51314
51174
51086
51091
51084
51255
51471
51167
51088
51082
51412
51357
51498
51545
51562
51540
51662
51573
51575
51834
51694
51705
51666
51698
51709
51927
51931
51933
51884
51925
51903
51937
51939
51935
52042
52241
52279
52283
52245
52281
52328
52287
52319
52435
52375
52299
52579
52458
52644
52712
52604
52694
52668
52767
52462
52724
52730
52722
52784
52950
52867
53000
52952
52715
52973
53022
52975
52885
52967
53121
53024
52831
53123
53125
53127
53138
53140
53129
53161
53280
53322
53318
53143
53326
53435
53453
53355
53450
53460
53447
53464
53468
53466
53550
53519
53808
53574
53953
53921
53894
53974
53956
53578
53993
53996
54121
54004
53972
54185
54116
54001
54190
54259
54354
54274
54256
54272
54286
54276
54281
54503
54372
54648
54734
54686
54732
54736
54617
54780
54768
54787
54745
54785
54908
54910
54881
54997
54962
54934
54796
54995
54999
55036
55052
55067
55061
55020
55071
55069
55094
54771
55080
55116
55110
55190
55112
55232
55205
55156
55167
55207
55118
55241
55250
55245
55267
55259
55253
55261
55247
55269
55280
55272
55274
55282
55276
55294
55278
55363
55391
55442
55290
55451
55444
55292
55553
55620
55577
55492
55721
55687
55765
55555
55729
55814
55768
55805
55854
55872
55820
55844
55830
55995
56060
55908
56012
56022
55946
56152
56145
56156
56176
56251
56274
56174
56169
56171
56333
56379
56336
56286
56367
56389
56339
56607
56003
56620
56563
56715
56757
56788
56587
56805
56775
56837
56782
56869
56801
56941
56915
57147
56908
56949
56921
57274
57326
57183
57243
57499
57421
57368
57502
57526
57532
57528
57504
57522
57536
57637
57640
57843
57951
57669
57910
57772
58078
58025
58103
58047
58156
58107
58105
58287
58295
58291
58293
58162
58154
58191
58299
58301
58303
58306
58309
58315
58376
58351
58347
58404
58332
58425
58803
58492
58655
58554
58559
58839
58806
58627
58783
58826
58842
58870
58876
58879
58964
58975
59016
58972
59026
59018
59103
59014
59022
59118
59037
58998
59131
59129
59141
59220
59126
59143
59295
59258
59306
59369
59429
59333
59336
59421
59315
59440
59501
59604
59387
59667
59549
59727
59615
59725
59810
59731
59738
59900
59784
59814
59915
60030
59985
59947
59995
60072
60037
60040
60126
60069
60074
60046
60141
60303
60128
60293
60291
60289
60161
60333
60389
60471
60365
60487
60363
60514
60408
60397
60538
60516
60647
60522
60735
60674
60756
60684
60803
60753
60737
60766
60760
60857
60885
60818
60937
60941
61011
60943
60904
61024
60894
61071
61123
61073
60950
61026
60832
60979
61167
61210
61132
61160
61240
61236
61246
61250
61257
61255
61289
61262
61319
61248
61348
61323
61350
61394
61352
61401
61465
61628
61406
61818
61729
61692
62008
62081
61697
62208
62293
62113
61705
62155
61986
62299
62250
62336
62344
62376
62374
62394
62434
62383
62437
62644
62439
62834
62662
62586
62511
62836
62553
62799
62956
62718
62849
62792
62970
62999
63033
63072
63062
63082
63113
63131
63179
63393
63276
63222
63312
63768
63479
63239
63436
63433
63515
63540
63808
63826
63876
63992
63859
63853
64032
64030
64010
64114
64034
64116
64278
64167
64499
64231
64197
64249
64501
64497
64285
64620
64575
64622
64839
64695
64716
64614
64957
64993
64969
65088
64983
64997
65133
65126
65135
65188
65216
65193
65261
65350
65130
65230
65514
65585
65588
65596
65577
65601
65359
65651
65631
65682
65802
65685
65738
65037
65642
65740
65882
65982
66090
65810
66097
66203
66198
66171
66297
66310
66240
66320
66509
66665
66371
66335
66427
66783
66511
66785
66744
66544
66798
66915
67087
66934
67193
67168
67186
66943
67361
67197
67508
67267
67295
67255
67665
67408
67788
67734
67534
67695
67618
67799
67888
67923
68159
68135
68073
68157
68205
68269
68237
67997
68194
68358
68319
68486
68444
68347
68552
68536
68522
68480
68554
68600
68597
68650
68793
68835
68659
68848
68872
68945
68791
68886
68932
69122
68954
68952
69118
69131
69069
69134
69211
69140
68959
69227
69278
69224
69306
69436
69251
69275
69406
69304
69394
69453
69495
69516
69469
69481
69606
69524
69529
69640
69604
69526
69685
69712
69654
69720
69644
69746
69844
69805
69757
69860
69904
69951
69784
69849
70159
69953
70208
70293
70015
70183
70206
69988
70286
70334
70305
70301
70361
70336
70451
70492
70533
70521
70637
70663
70599
70545
70565
70703
70687
70641
70728
70697
70862
70708
70984
70932
70946
70994
71057
70990
71106
71033
71108
71129
71205
71160
71252
71248
71135
71211
71268
71156
71282
71254
71264
71147
71304
71327
71341
71379
71464
71302
71438
71462
71453
71429
71468
71484
71466
71500
71579
71518
71535
71530
71520
71550
71732
71619
71640
71823
71810
71668
71867
71910
71838
71494
71745
71899
71902
71999
72104
71970
72011
72142
72165
72129
72224
72178
72171
72167
72308
72330
72294
72226
72378
72356
72405
72424
72489
72407
72395
72554
72479
72603
72605
72591
72624
72692
72601
72701
72696
72694
72714
72720
72733
72731
72919
72921
72874
72737
72982
73023
73017
73015
73042
73106
72998
73211
73268
72641
73319
73266
73290
73160
73344
73321
73386
73323
73431
73499
73488
73676
73741
73569
73515
73681
73804
73822
73808
73876
73854
73858
73881
73929
74075
74089
74228
74095
74154
74226
74282
74275
74450
74324
74452
74510
74370
74342
74458
74508
74532
74624
74553
74545
74530
74647
74580
74668
74685
74677
74696
74698
74688
74683
74750
74727
74851
74789
74754
74795
74868
74791
74916
74946
75341
74948
75395
75389
75416
75805
75446
75947
75803
75985
75816
75813
76030
76093
76077
76054
76091
76143
76173
76293
76251
76060
76175
76301
76738
76751
77191
76743
76763
77201
77177
77206
77233
77364
77266
77455
77421
77414
77427
77688
77709
77795
77667
77561
77846
77841
77798
77800
77866
77893
77931
78039
78034
77881
78116
78105
78088
78041
78142
78174
78160
78209
78266
78103
78544
78218
78316
78467
78574
78349
78620
78637
78626
78264
78469
78703
78772
78499
78746
78959
78836
78893
79132
79139
79008
79057
79006
79251
79091
79185
79134
79224
79259
79274
79073
79242
79333
79293
79299
79357
79501
79553
79572
79592
79590
79428
79695
79879
79702
79684
79868
79798
79897
79946
79677
79895
80139
80124
80083
80162
80094
80126
80166
80219
80454
80463
80478
80241
80489
80553
80551
80549
80572
80584
80363
80590
80586
80615
80693
80831
80748
80858
80727
80846
80862
80839
80864
80880
80860
80906
80969
80917
81018
81087
81156
81191
81132
81229
81158
81512
81383
81417
81456
81535
81520
81537
81562
81784
81564
81591
81786
81681
81788
81782
81834
81791
81845
81819
81831
81910
81847
81932
81257
81949
82041
82088
82053
82152
82242
82202
82093
82366
82167
82095
82461
82378
82459
82499
82169
82527
82641
82684
82667
82534
82744
82857
82854
82852
82848
82765
82767
83132
83177
83134
83086
83369
83349
83480
83601
83374
83796
83613
83803
84152
83976
83910
84273
83969
84246
84189
83827
84187
84240
84374
84523
84392
84512
84414
84156
84553
84601
84615
84637
84716
84944
84799
84942
84847
84696
84772
84952
84844
84950
85020
85056
84954
85131
85025
85179
85213
85022
85259
85316
85261
85295
85334
85354
85342
85401
85510
85367
85394
85414
85736
85438
85412
85397
85565
85399
85780
85788
85774
86014
85881
85885
85796
86028
86066
86000
86279
86068
86190
86059
86286
86237
86290
86295
86298
86293
86142
86320
86332
86377
86345
86355
86347
86593
86628
86548
86721
86815
86781
86644
86487
86817
86833
86835
86864
86880
86892
86882
86960
86922
87194
87028
86911
87197
86898
87192
87304
87222
87298
87413
87287
87306
87234
87232
87483
87444
87430
87485
87522
87834
87869
87660
87785
87529
87867
87520
87960
88094
88125
88108
88129
87876
88069
88163
88140
88179
88267
88235
88356
88272
88327
88593
88405
88345
88515
88672
88448
88810
88697
88699
88785
88746
88744
88812
88954
88911
89030
89028
88932
89039
89072
89085
89090
89047
89087
89118
89190
89208
89281
89343
89427
89305
89388
89386
89582
89470
89492
89753
89759
89586
89580
89761
89804
89678
89745
89840
89774
89864
89862
89837
89898
89904
89939
90243
89945
90057
90245
90249
90343
90345
90353
90403
90384
90428
90405
90374
90357
90430
90439
90469
90376
90531
90522
90600
90528
90471
90603
90576
90524
90647
90630
90719
90717
90738
90769
90863
90809
90890
90888
90866
90943
90746
90945
91104
91077
91079
91126
91233
91094
91266
91128
91273
91261
91337
91323
91386
91353
91325
91355
91414
91470
91483
91535
91500
91488
91529
91485
91542
91571
91622
91628
91630
91653
91660
91658
91688
91784
91666
91671
91690
91890
91869
91842
91935
91873
91947
91976
91978
91974
91981
92046
92008
92048
92094
92264
92192
92309
92198
92243
92234
92391
92259
92422
92348
92427
92535
92439
92475
92637
92507
92509
92643
92420
92674
92665
92694
92938
93022
92681
92954
93114
92760
93134
93040
93208
93193
93270
93139
93242
93272
93287
93297
93326
93363
93510
93443
93563
93740
93512
93502
93723
93766
93721
93610
93598
93805
93838
93819
93790
93831
93980
93982
93855
93840
93988
94070
94011
94130
94018
94150
94015
94122
94266
94323
94325
94262
94160
94405
94478
94503
94494
94735
94677
94661
94777
94799
94810
94780
94867
94864
94931
94833
94953
94985
94919
94896
94959
95004
95088
95135
95105
95145
95067
95147
95149
95165
95167
95163
95182
95199
95170
95175
95201
95193
95377
95307
95218
95313
95309
95207
95473
95311
95475
95449
95497
95508
95499
95510
95441
95519
95558
95543
95633
95583
95654
95624
95690
95717
95761
95720
95744
95771
95780
95843
95873
95858
95839
95796
96004
95949
95965
95939
95875
96007
96020
96084
96110
96079
96283
96121
96150
96114
96281
96373
96432
96411
96430
96471
96417
96448
96518
96488
96520
96588
96567
96606
96530
96563
96608
96610
96616
96655
96691
96811
96728
96815
96829
96832
96726
96821
96861
97172
96737
96917
97024
96945
96975
97168
96935
97188
96964
97194
97306
97285
97225
97304
97230
97701
97643
97470
97742
97328
97665
97752
97836
97858
97860
97785
97866
97870
97904
98083
97923
97936
97921
98061
97938
97913
98154
97950
98124
98160
98203
98175
98122
97988
98230
98243
98239
98279
98491
98296
98499
98503
98604
98585
98623
98607
98361
98836
98633
98697
98799
98961
98908
98809
99007
99030
99005
99087
99106
99112
99114
99117
99145
99130
99415
99191
99149
99437
99574
99721
99636
99728
99532
99638
99122
99813
99750
99764
99846
99853
99910
99992
100106
99917
100068
100044
100163
100159
100226
100302
100083
100277
100390
100383
100306
100304
100498
100487
100527
100397
100507
100326
100556
100714
100553
100579
100611
100906
100810
100843
100882
101070
101072
101074
100737
101025
101076
101112
101362
101142
101360
101415
101423
101525
101283
101577
101088
101529
101531
101612
101739
101741
101765
101864
101884
101973
101962
102007
101895
102033
102058
102025
102084
102070
102066
102125
102088
102123
102194
102217
102165
102278
102378
102445
102407
102590
102338
102666
102602
102481
102686
102684
102720
102716
102742
102735
102747
102760
102819
102800
102749
102880
102852
102802
102903
102823
103027
102984
103048
103085
103075
103107
102993
103042
103137
103210
103171
103141
103221
103219
103249
103235
103245
103335
103341
103339
103233
103253
103228
103384
103372
103366
103449
103502
103539
103483
103543
103609
103606
103596
103685
103755
103655
103688
103810
103772
103624
103883
103801
103984
103980
104017
104069
103819
104074
103865
104078
104076
104141
104211
104243
104241
104218
104272
104129
104337
104419
104245
104303
104760
104283
104374
104644
104339
104863
104780
104841
104457
104837
104879
104875
104906
104908
104925
104913
105211
104944
105197
105037
105020
105250
105246
105121
105351
105213
105254
105325
105355
105504
105468
105540
105593
105653
105585
105731
105801
105746
105720
105835
105755
106062
105844
105954
106100
106072
106144
106330
106002
106441
106438
106489
106642
106487
106542
106648
106594
106491
106540
106696
106839
106883
106785
106916
106873
106782
106889
106927
106920
107069
106918
107159
107348
107013
107314
107141
107408
107338
107406
107412
107449
107447
107436
107462
106766
107630
107723
107702
107565
107771
107951
107945
107997
107953
107846
107780
107999
108090
108078
107962
108188
108156
108190
108192
108540
108601
108715
108727
108689
108932
108945
108928
108795
109042
109161
108981
109183
108949
109187
109241
109191
109295
109313
109317
109282
109372
109374
109576
109416
109569
109383
109487
109578
109673
109483
109633
109596
109687
109723
109848
109846
109897
109853
109941
109850
109968
109864
110127
110102
109971
110297
110130
109895
110350
110286
110281
110387
110330
110501
110541
110586
110553
110591
110603
110669
110655
110611
110718
110781
110746
110882
110826
110773
111113
110730
110771
111146
111320
111360
111375
111364
111443
111384
111622
111551
111362
111617
111732
111663
111659
111680
111743
111795
111759
111785
111781
111800
111921
111817
112138
112006
111913
112171
112175
112070
112183
112290
112303
112316
111844
112326
112450
112421
112334
112370
112454
112497
112512
112515
112552
112556
112580
112460
112788
112749
112727
112623
112818
112940
112804
112897
112911
112852
113159
113186
113225
113207
112868
113275
113252
113278
113313
113280
113374
113348
113345
113378
113394
113453
113565
113350
113573
113416
113532
113705
113829
113780
113741
113849
113862
113604
114044
114028
114074
114060
114066
114126
114184
114335
114246
114265
114180
114554
114601
114627
114678
114662
114396
114707
114762
114494
114818
114795
114713
114670
114847
115065
115111
114935
114925
115151
115203
115170
115122
115149
115216
115231
115502
115210
115569
115667
115664
115617
115680
115727
115713
115819
115828
115877
115969
116138
116044
116207
116169
116668
116419
116411
116505
116413
116797
116718
116724
116738
116823
116817
116529
116849
116887
116985
116977
116963
116897
117176
117368
117107
117109
117444
117192
117364
117466
117133
116941
117531
117529
116799
117533
117646
117590
117545
117572
117849
117851
117877
117867
117895
117630
117922
117881
117887
118166
118082
118198
118290
118270
118326
118248
118512
118354
118696
118706
118814
118572
118700
118862
118834
118896
118702
118930
118888
118894
118880
118900
118985
119141
118997
119068
119145
119155
119218
118924
119655
119714
119167
119828
120466
119964
120130
120478
120635
120625
120761
120783
120637
120807
120919
120827
121007
120799
121129
121035
121171
121338
121342
121374
121231
122092
121169
121253
121469
121781
122260
122246
122433
122490
122882
122886
122627
122890
122884
122888
122912
122896
121099
122902
122900
122898
122892
122906
122918
122904
122916
122920
122924
122932
122926
122922
123200
123947
123310
123545
124484
123553
124859
124404
124851
125221
124853
125974
125914
125970
125916
126088
126090
126142
126426
126430
126577
126921
126548
126420
127098
127052
126482
127108
127096
127130
127116
127114
127132
127136
127134
127152
127146
127164
127184
127202
127198
127204
127172
127180
127194
127298
127323
127390
127319
128087
128366
128197
128360
127212
128488
128512
128520
128592
128736
128620
128832
128695
128542
128838
128842
128594
128852
128902
128900
128975
128968
128991
128908
128944
129011
129250
129313
129333
129229
129354
129737
129428
129397
129657
129514
129937
129659
129779
130052
130083
130050
130073
130087
130444
130450
130498
130452
130490
130576
130520
130578
130518
130686
130970
130634
130840
130976
130978
131104
131098
131013
131023
131130
131480
131578
131439
131714
131237
131739
131610
131656
131724
131826
130842
131796
131749
131920
130482
132157
132153
132046
131934
132362
132462
132333
132424
132422
132335
132488
132454
132796
132618
132800
132660
132584
133195
133115
133377
133419
133365
133281
133712
133645
133545
133798
133782
133780
133771
133716
132496
133879
133867
133802
134004
134019
133832
134041
134095
134021
134130
134158
134170
134214
134248
134246
134252
134326
134334
134515
134393
134528
134524
134368
134796
134775
134783
134847
134808
134853
135133
135137
134859
134849
134881
135198
135143
135532
135216
135288
135436
135536
135518
135534
135456
135569
135777
135567
135787
135803
135815
135861
136016
135887
136297
136012
136020
135885
136305
135937
136024
136355
136341
136353
136359
136449
136469
136503
136556
136511
136564
136562
136602
136471
136654
136598
136540
136664
136786
136018
136800
136666
136816
136778
136834
136838
136840
136850
136859
136958
136864
137218
136912
137595
137517
138186
137345
137337
138036
137863
137857
138210
138204
138208
138632
138546
138702
138610
138835
138798
139052
138966
139130
139385
139415
139511
139644
139655
139642
139717
139157
139640
139855
139994
139747
139915
139859
139857
140016
140038
140162
140110
140265
140133
140237
140267
140174
140481
140289
140247
140301
140525
140523
140359
140541
140725
140627
140711
140715
140850
140737
140816
140852
140928
141131
141004
140956
141422
141400
141513
141408
141668
141646
141688
141718
141810
141749
141818
141816
141836
141844
141799
141544
141846
141866
141890
141830
141994
142115
142074
142056
142222
142020
142420
141928
142372
142422
142448
142424
142456
142366
142444
142488
142536
142507
142558
142509
142961
142550
142196
143001
142997
142598
142831
143245
143031
143255
142602
143365
143367
143257
143385
143355
143472
143458
143511
143410
144222
143525
144210
143896
143859
144262
143969
144714
144522
143559
144352
144606
144716
144620
144478
144734
145080
145935
145994
145491
145418
144976
145724
145150
145951
146024
145745
146028
145283
146309
145839
146244
146656
146210
146662
146682
146684
146688
147142
147196
147286
147328
147300
146986
147330
146730
147002
147376
147378
147372
147382
147374
147380
147384
147657
148238
147936
148166
148424
147410
148172
147662
148652
148632
148592
148667
148482
148626
148709
148775
148675
148671
148888
148978
148956
149144
149146
149011
148982
149354
149334
148881
149352
149350
149380
149508
149566
149590
149612
149830
149406
149902
150254
150401
150554
150604
150596
150548
151311
150993
150696
151317
151479
151455
151315
151501
151687
151557
151653
151695
151559
151781
151763
151739
151759
151769
151777
152063
152037
152065
152071
152077
152083
152081
152091
152085
152079
152105
152711
152284
152591
152173
152658
152372
153236
152270
152970
153408
151745
153386
153070
154975
155288
154358
155064
154065
155743
155509
155358
155774
155659
155812
155168
155820
156371
156025
155892
156387
156553
156607
156609
156675
156781
156726
156706
157108
156605
157110
157130
156783
157122
157172
157270
157296
157312
157200
157369
157407
157340
157865
157432
158022
157775
158027
158035
157699
158238
158402
158398
158388
158528
158254
158783
158813
158721
158830
159061
158842
158872
158956
158882
159161
159077
158874
158972
159093
159193
158966
159403
159441
159510
159415
159755
159811
159690
159717
159779
159858
159976
159849
159817
160289
160080
160422
160341
160400
160271
160440
160527
160438
160563
160565
160567
160646
160644
160718
160730
160571
160684
160573
160954
160978
160848
160872
161008
160836
161032
160569
161044
161127
161354
161131
160980
161634
161580
161290
161918
161594
161830
161922
162350
161966
162478
162414
161582
162578
162590
162598
162606
162602
162600
162082
162982
162828
163527
163134
162968
163112
163056
163072
163386
163639
163645
163809
163981
163937
163925
164200
164179
163985
164226
164375
164655
164280
164647
164753
164707
164540
164881
165103
164367
164917
164909
165101
165075
165343
165139
165489
165347
165529
165549
165671
165551
165843
165645
165947
165635
166024
166203
165959
166183
165969
166015
166492
166528
166461
166291
166534
166526
166635
166643
166946
166558
166568
166705
167064
167018
167296
167538
167370
167380
167732
167790
167634
167706
167746
167772
167570
168090
168144
168026
168218
168174
168248
168254
168252
168250
167036
168326
168350
168418
168366
168358
168266
168492
168712
168608
169180
168456
169670
169034
169904
168612
169958
169912
169992
170357
170401
169984
170297
170411
170289
170697
170813
170777
170551
170399
169982
170705
170817
170875
170897
170837
170937
170907
170945
170993
170827
171011
170939
171251
171023
170957
171495
171751
171695
171701
171759
171749
171811
171765
171763
171867
171917
171891
172577
172233
172215
172229
172547
172013
172497
172585
172589
172253
172461
172587
172321
173145
172591
172705
172881
172875
173253
172887
173235
173197
173205
173209
173291
173307
173317
173351
173355
173751
173925
173619
173873
174053
174141
174045
174403
174551
173941
174681
174727
175199
174815
173963
174055
174909
175197
174737
175303
175387
175475
175485
175661
175743
175707
175585
175705
175569
175781
176371
176389
176419
176413
176101
176579
176415
176423
177185
177593
177285
176751
176805
177763
177765
176935
177615
178061
177939
178827
178323
178111
178129
178613
178615
179119
179073
179053
179133
179135
179401
179749
179511
179709
179815
179491
179813
179817
179819
180231
180031
180095
180497
179953
180263
180297
181139
180265
180987
181659
180985
181315
181719
181413
182639
182297
182715
182731
182749
182727
182299
182793
183199
182823
183197
183635
183011
183611
183317
183295
180045
184015
183897
183911
183227
184053
184253
184641
184931
184349
184471
184721
184997
185031
184791
185029
185135
184987
185033
186587
187031
185473
185435
187593
187541
185585
187717
188675
188189
187595
188301
189043
188797
189111
188751
189547
189381
188833
190207
189333
190183
190215
189713
190219
190213
191005
193567
193583
193609
193565
193581
193585
193587
193573
122896
27482
83270
5296
6101
49917
73501
32584
26681
8640
40597
27369
65225
1423
26900
1718
79536
5828
91860
93008
92494
93006
80834
8402
86504
58297
53883
92730
71131
95738
5849
97757
118530
118784
121097
93320
120813
128097
128089
100194
108729
103602
107410
133217
121715
119153
120138
121372
132888
128099
124273
134184
147250
136447
136445
147326
134109
132084
128914
136443
138396
134861
140561
162344
159069
137859
155589
161024
165483
141820
163653
165639
172793
171631
172637
173255
149330
173535
170355
172583
174479
172825
168632
175293
172909
175577
175431
175435
168846
176621
167854
170597
147282
176051
176329
176601
175397
175693
181065
175401
193571
179427
179211
180777
184245
190221
183301
184257
182293
183959
190209
193579
720
86668
117511
